690495488318
690495422782
690329452862
690495357246
690495521086
690331287870
690495619390
690495390014
690329321790
690524619070
690524520766
690524455230
690523275582
690524750142
690770313534
690770510142
690327683390
690770477374
690770280766
690330304830
690497814846
690367758654
690328011070
690328404286
690524651838
690770346302
690524684606
690524487998
690328666430
690501157182
690770411838
690524782910
690330730814
690524586302
691731530046
690327421246
690329092414
690331615550
690328437054